0 0.15
1 0.142
2 0.138
3 0.135
4 0.136
5 0.136
6 0.136
7 0.137
8 0.137
9 0.135
10 0.136
11 0.136
12 0.136
13 0.135
14 0.135
15 0.136
16 0.135
17 0.135
18 0.135
19 0.134
20 0.135
21 0.135
22 0.136
23 0.134
24 0.135
25 0.135
26 0.134
27 0.134
28 0.137
29 0.134
30 0.134
31 0.136
32 0.133
33 0.134
34 0.135
35 0.136
36 0.135
37 0.135
38 0.135
39 0.137
40 0.135
41 0.134
42 0.136
43 0.135
44 0.134
45 0.135
46 0.135
47 0.135
48 0.135
49 0.135
50 0.134
51 0.135
52 0.134
53 0.133
54 0.133
55 0.134
56 0.135
57 0.133
58 0.135
59 0.133
60 0.135
61 0.135
62 0.135
63 0.133
64 0.134
65 0.134
66 0.135
67 0.134
68 0.134
69 0.133
70 0.133
71 0.134
72 0.134
73 0.135
74 0.135
75 0.133
76 0.133
77 0.133
78 0.133
79 0.133
80 0.135
81 0.132
82 0.133
83 0.133
84 0.134
85 0.131
86 0.132
87 0.132
88 0.133
89 0.134
90 0.134
91 0.133
92 0.132
93 0.132
94 0.131
95 0.133
96 0.131
97 0.131
98 0.131
99 0.129
100 0.129
101 0.13
102 0.129
103 0.13
104 0.129
105 0.13
106 0.128
107 0.129
108 0.129
109 0.127
110 0.124
111 0.125
112 0.122
113 0.12
114 0.121
115 0.119
116 0.117
117 0.118
118 0.144
119 0.142
120 0.147
121 0.148
122 0.146
123 0.141
124 0.137
125 0.136
126 0.132
127 0.134
128 0.133
129 0.134
130 0.135
131 0.136
132 0.139
133 0.134
134 0.136
135 0.135
136 0.137
137 0.133
138 0.135
139 0.133
140 0.134
141 0.134
142 0.135
143 0.134
144 0.135
145 0.135
146 0.135
147 0.135
148 0.134
149 0.133
150 0.134
151 0.132
152 0.134
153 0.133
154 0.134
155 0.133
156 0.135
157 0.132
158 0.134
159 0.131
160 0.135
161 0.135
162 0.136
163 0.133
164 0.132
165 0.133
166 0.134
167 0.133
168 0.133
169 0.133
170 0.134
171 0.133
172 0.135
173 0.134
174 0.133
175 0.135
176 0.132
177 0.133
178 0.131
179 0.132
180 0.133
181 0.133
182 0.133
183 0.132
184 0.132
185 0.133
186 0.133
187 0.132
188 0.132
189 0.133
190 0.134
191 0.132
192 0.132
193 0.131
194 0.133
195 0.133
196 0.133
197 0.134
198 0.133
199 0.131
