0 0.14
1 0.06
2 0.04
3 0.04
4 0.03
5 0.03
6 0.03
7 0.03
8 0.03
9 0.03
10 0.03
11 0.02
12 0.02
13 0.02
14 0.02
15 0.02
16 0.02
17 0.02
18 0.02
19 0.02
20 0.02
21 0.02
22 0.02
23 0.02
24 0.02
25 0.02
26 0.02
27 0.02
28 0.02
29 0.02
30 0.02
31 0.02
32 0.02
33 0.02
34 0.02
35 0.02
36 0.02
37 0.02
38 0.02
39 0.02
40 0.02
41 0.02
42 0.02
43 0.02
44 0.02
45 0.02
46 0.01
47 0.01
48 0.01
49 0.01
50 0.01
51 0.01
52 0.01
53 0.01
54 0.01
55 0.01
56 0.01
57 0.01
58 0.01
59 0.01
60 0.01
61 0.01
62 0.01
63 0.01
64 0.01
65 0.01
66 0.01
67 0.01
68 0.01
69 0.01
70 0.01
71 0.01
72 0.02
73 0.01
74 0.01
75 0.01
76 0.01
77 0.01
78 0.01
79 0.01
80 0.01
81 0.01
82 0.01
83 0.01
84 0.01
85 0.01
86 0.01
87 0.01
88 0.01
89 0.01
90 0.01
91 0.01
92 0.01
93 0.01
94 0.01
95 0.01
96 0.01
97 0.01
98 0.01
99 0.01
