0 1.65
1 1.56
2 1.48
3 1.42
4 1.34
5 1.3
6 1.28
7 1.24
8 1.18
9 1.21
10 1.16
11 1.16
12 1.12
13 1.1
14 1.07
15 1.07
16 1.04
17 1.01
18 0.99
19 0.97
20 0.97
21 0.93
22 0.91
23 0.9
24 0.87
25 0.87
26 0.86
27 0.8
28 0.83
29 0.79
30 0.78
31 0.8
32 0.77
33 0.77
34 0.74
35 0.74
36 0.7
37 0.71
38 0.68
39 0.66
40 0.69
41 0.67
42 0.64
43 0.61
44 0.62
45 0.62
46 0.6
47 0.57
48 0.57
49 0.57
50 0.56
51 0.56
52 0.54
53 0.51
54 0.49
55 0.51
56 0.52
57 0.51
58 0.5
59 0.47
60 0.53
61 0.53
62 0.49
63 0.45
64 0.47
65 0.46
66 0.51
67 0.48
68 0.5
69 0.44
70 0.45
71 0.41
72 0.4
73 0.41
74 0.39
75 0.4
76 0.38
77 0.37
78 0.36
79 0.36
80 0.36
81 0.36
82 0.35
83 0.35
84 0.37
85 0.43
86 0.35
87 0.48
88 0.43
89 0.37
90 0.37
91 0.37
92 0.34
93 0.33
94 0.31
95 0.3
96 0.32
97 0.32
98 0.3
99 0.3
100 0.3
101 0.29
102 0.27
103 0.28
104 0.28
105 0.28
106 0.27
107 0.28
108 0.28
109 0.29
110 0.27
111 0.28
112 0.27
113 0.25
114 0.26
115 0.26
116 0.25
117 0.23
118 0.24
119 0.24
120 0.24
121 0.23
122 0.23
123 0.24
124 0.24
125 0.23
126 0.23
127 0.23
128 0.23
129 0.24
130 0.23
131 0.22
132 0.22
133 0.22
134 0.21
135 0.21
136 0.21
137 0.21
138 0.21
139 0.21
140 0.19
141 0.21
142 0.21
143 0.25
144 0.3
145 0.24
146 0.23
147 0.25
148 0.21
149 0.22
150 0.23
151 0.26
152 0.26
153 0.23
154 0.25
155 0.2
156 0.23
157 0.21
158 0.21
159 0.21
160 0.18
161 0.19
162 0.19
163 0.18
164 0.19
165 0.17
166 0.18
167 0.18
168 0.17
169 0.17
170 0.18
171 0.17
172 0.18
173 0.17
174 0.16
175 0.17
176 0.17
177 0.17
178 0.17
179 0.16
180 0.17
181 0.17
182 0.22
183 0.26
184 0.25
185 0.19
186 0.21
187 0.21
188 0.19
189 0.39
190 0.4
191 0.34
192 0.26
193 0.29
194 0.2
195 0.21
196 0.2
197 0.18
198 0.17
199 0.17
